[gd_scene load_steps=2 format=2]

[ext_resource path="res://raged-freddy.glb" type="PackedScene" id=1]

[node name="raged-freddy" instance=ExtResource( 1 )]

[node name="phantomfreddy_phantomfreddy" parent="phantom_freddy/FNaF_3_Phantom_Freddy" index="0"]
transform = Transform( 0.999216, -0.0198258, 0.0342726, -0.006812, 0.766617, 0.64207, -0.0390038, -0.641799, 0.76588, -3.25782, 2.20075, -0.721175 )

[node name="phantomfreddy_phantomfreddy001" parent="phantom_freddy/FNaF_3_Phantom_Freddy" index="1"]
transform = Transform( 1, 0, 0, 0, 0.748041, 0.663652, 0, -0.663652, 0.748041, 0, 0, 0 )

[node name="phantomfreddy_phantomfreddy003" parent="phantom_freddy/FNaF_3_Phantom_Freddy" index="3"]
transform = Transform( 1, 0, 0, 0, 0.748041, 0.663652, 0, -0.663652, 0.748041, 0, 0, 0 )

[node name="phantomfreddy_phantomfreddy005" parent="phantom_freddy/FNaF_3_Phantom_Freddy" index="5"]
transform = Transform( 1, 0, 0, 0, 0.750976, 0.660329, 0, -0.660329, 0.750976, 0, 0, 0 )

[node name="phantomfreddy_phantomfreddy006" parent="phantom_freddy/FNaF_3_Phantom_Freddy" index="6"]
transform = Transform( 1, 0, 0, 0, 0.748041, 0.663652, 0, -0.663652, 0.748041, 0, 0, 0 )

[node name="phantomfreddy_phantomfreddy007" parent="phantom_freddy/FNaF_3_Phantom_Freddy" index="7"]
transform = Transform( 1, 0, 0, 0, 0.748041, 0.663652, 0, -0.663652, 0.748041, 0, 0, 0 )
