[gd_scene load_steps=3 format=2]

[ext_resource path="res://raged-freddy.glb" type="PackedScene" id=1]

[sub_resource type="Animation" id=1]
resource_name = "FreddyMove"
length = 0.354
loop = true
step = 0.001
tracks/0/type = "bezier"
tracks/0/path = NodePath("phantom_freddy/FNaF_3_Phantom_Freddy/phantomfreddy_phantomfreddy:rotation_degrees:x")
tracks/0/interp = 1
tracks/0/loop_wrap = true
tracks/0/imported = false
tracks/0/enabled = true
tracks/0/keys = {
"points": PoolRealArray( -41.579, -0.25, 0, 0.25, 0, -41.579, -0.25, 0, 0.25, 0 ),
"times": PoolRealArray( 0.004, 0.102 )
}
tracks/1/type = "bezier"
tracks/1/path = NodePath("phantom_freddy/FNaF_3_Phantom_Freddy/phantomfreddy_phantomfreddy:rotation_degrees:y")
tracks/1/interp = 1
tracks/1/loop_wrap = true
tracks/1/imported = false
tracks/1/enabled = true
tracks/1/keys = {
"points": PoolRealArray( 763.631, -0.25, 0, 0.25, 0, 0, -0.25, 0, 0.25, 0 ),
"times": PoolRealArray( 0.004, 0.102 )
}
tracks/2/type = "bezier"
tracks/2/path = NodePath("phantom_freddy/FNaF_3_Phantom_Freddy/phantomfreddy_phantomfreddy:rotation_degrees:z")
tracks/2/interp = 1
tracks/2/loop_wrap = true
tracks/2/imported = false
tracks/2/enabled = true
tracks/2/keys = {
"points": PoolRealArray( 0, -0.25, 0, 0.25, 0, 0, -0.25, 0, 0.25, 0 ),
"times": PoolRealArray( 0.004, 0.102 )
}

[node name="raged-freddy" instance=ExtResource( 1 )]

[node name="phantomfreddy_phantomfreddy" parent="phantom_freddy/FNaF_3_Phantom_Freddy" index="0"]
transform = Transform( 1, 0, 0, 0, 0.748041, 0.663652, 0, -0.663652, 0.748041, 0, 0, 0 )

[node name="phantomfreddy_phantomfreddy001" parent="phantom_freddy/FNaF_3_Phantom_Freddy" index="1"]
transform = Transform( 1, 0, 0, 0, 0.748041, 0.663652, 0, -0.663652, 0.748041, 0, 0, 0 )

[node name="phantomfreddy_phantomfreddy003" parent="phantom_freddy/FNaF_3_Phantom_Freddy" index="3"]
transform = Transform( 1, 0, 0, 0, 0.748041, 0.663652, 0, -0.663652, 0.748041, 0, 0, 0 )

[node name="phantomfreddy_phantomfreddy005" parent="phantom_freddy/FNaF_3_Phantom_Freddy" index="5"]
transform = Transform( 1, 0, 0, 0, 0.750976, 0.660329, 0, -0.660329, 0.750976, 0, 0, 0 )

[node name="phantomfreddy_phantomfreddy006" parent="phantom_freddy/FNaF_3_Phantom_Freddy" index="6"]
transform = Transform( 1, 0, 0, 0, 0.748041, 0.663652, 0, -0.663652, 0.748041, 0, 0, 0 )

[node name="phantomfreddy_phantomfreddy007" parent="phantom_freddy/FNaF_3_Phantom_Freddy" index="7"]
transform = Transform( 1, 0, 0, 0, 0.748041, 0.663652, 0, -0.663652, 0.748041, 0, 0, 0 )

[node name="MouthMove" type="AnimationPlayer" parent="." index="6"]
anims/FreddyMove = SubResource( 1 )
