[gd_scene load_steps=11 format=2]

[ext_resource path="res://cracker.tscn" type="PackedScene" id=1]
[ext_resource path="res://ScoreLayer.tscn" type="PackedScene" id=2]
[ext_resource path="res://Nebber1Godot.tscn" type="PackedScene" id=3]
[ext_resource path="res://secondasset.tscn" type="PackedScene" id=4]
[ext_resource path="res://meteor1.tscn" type="PackedScene" id=5]
[ext_resource path="res://grass.tscn" type="PackedScene" id=6]
[ext_resource path="res://World1.gd" type="Script" id=7]
[ext_resource path="res://Scenes/BigTree.tscn" type="PackedScene" id=8]
[ext_resource path="res://Scenes/PineTree.tscn" type="PackedScene" id=9]

[sub_resource type="BoxShape" id=1]
extents = Vector3( 5.58484, 50.8188, 174.907 )

[node name="World1" type="Spatial"]
transform = Transform( 1, 0, 0, 0, 1, 0, 0, 0, 1, -0.201267, 0.213402, -0.206726 )
script = ExtResource( 7 )
__meta__ = {
"_edit_group_": true
}

[node name="Player" parent="." instance=ExtResource( 3 )]
transform = Transform( 1, 0, 0, 0, 1, 0, 0, 0, 1, 0, 34.1666, 93.7059 )

[node name="secondasset" parent="." instance=ExtResource( 4 )]

[node name="meteor1" parent="." instance=ExtResource( 5 )]
transform = Transform( 1, 0, 0, 0, 1, 0, 0, 0, 1, 0, 1.7567, -17.8178 )

[node name="grass11" parent="." instance=ExtResource( 6 )]

[node name="cracker" parent="." instance=ExtResource( 1 )]
transform = Transform( 1, 0, 0, 0, 1, 0, 0, 0, 1, 0, 34.9756, 82.8005 )

[node name="cracker2" parent="." instance=ExtResource( 1 )]
transform = Transform( 1, 0, 0, 0, 1, 0, 0, 0, 1, -51.7824, 31.7682, -78.3431 )

[node name="cracker3" parent="." instance=ExtResource( 1 )]
transform = Transform( 1, 0, 0, 0, 1, 0, 0, 0, 1, 57.0853, 37.3423, 72.2535 )

[node name="cracker4" parent="." instance=ExtResource( 1 )]
transform = Transform( 1, 0, 0, 0, 1, 0, 0, 0, 1, -68.3719, 28.9544, 96.0966 )

[node name="cracker5" parent="." instance=ExtResource( 1 )]
transform = Transform( 1, 0, 0, 0, 1, 0, 0, 0, 1, 37.0171, 13.3091, -18.7336 )

[node name="cracker6" parent="." instance=ExtResource( 1 )]
transform = Transform( 1, 0, 0, 0, 1, 0, 0, 0, 1, -3.8717, 17.6061, -57.0579 )

[node name="DirectionalLight" type="DirectionalLight" parent="."]
transform = Transform( 0.685524, -0.61482, -0.38994, 0.711904, 0.678243, 0.182154, 0.152482, -0.402471, 0.902644, -0.979977, 69.7699, -192.147 )
light_color = Color( 0.960784, 0.517647, 0, 1 )
light_energy = 8.9
light_indirect_energy = 5.51
light_specular = 0.0
shadow_bias = 1.55
shadow_contact = 8.09
directional_shadow_split_1 = 0.0
directional_shadow_split_2 = 0.0
directional_shadow_split_3 = 0.0
directional_shadow_max_distance = 0.1

[node name="Score" parent="." instance=ExtResource( 2 )]

[node name="BigTree" parent="." instance=ExtResource( 8 )]
transform = Transform( 0.988359, 0, -0.152141, 0, 1, 0, 0.152141, 0, 0.988359, -2.38419e-07, 35.5256, -107.089 )

[node name="BigTree2" parent="." instance=ExtResource( 8 )]
transform = Transform( 0.0042935, 0, 0.999991, 0, 1, 0, -0.999991, 0, 0.0042935, -70.5738, 30.9683, -60.2362 )

[node name="BigTree3" parent="." instance=ExtResource( 8 )]
transform = Transform( 0.941582, 0, 0.336783, 0, 1, 0, -0.336783, 0, 0.941582, -94.7563, 30.2347, 33.2842 )

[node name="BigTree4" parent="." instance=ExtResource( 8 )]
transform = Transform( 0.991823, 0, -0.127619, 0, 1, 0, 0.127619, 0, 0.991823, 94.3292, 34.2829, 33.2842 )

[node name="BigTree5" parent="." instance=ExtResource( 8 )]
transform = Transform( 0.960035, 0, -0.279879, 0, 1, 0, 0.279879, 0, 0.960035, 79.5113, 34.2987, -78.7561 )

[node name="BigTree6" parent="." instance=ExtResource( 8 )]
transform = Transform( 0.992986, 0, 0.118231, 0, 1, 0, -0.118231, 0, 0.992986, 39.4596, 37.8342, 84.9257 )

[node name="PineTree" parent="." instance=ExtResource( 9 )]
transform = Transform( 1, 0, 0, 0, 1, 0, 0, 0, 1, 85.143, 33.7424, -48.4579 )

[node name="PineTree2" parent="." instance=ExtResource( 9 )]
transform = Transform( 0.920525, 0, -0.390683, 0, 1, 0, 0.390683, 0, 0.920525, -91.3823, 32.35, 69.8747 )

[node name="StaticBody" type="StaticBody" parent="."]

[node name="CollisionShape" type="CollisionShape" parent="StaticBody"]
transform = Transform( 1, 0, 0, 0, 1, 0, 0, 0, 1, -115.866, 18.8392, 0 )
shape = SubResource( 1 )

[node name="CollisionShape2" type="CollisionShape" parent="StaticBody"]
transform = Transform( 1, 0, 0, 0, 1, 0, 0, 0, 1, 115.654, 18.8392, 0 )
shape = SubResource( 1 )

[node name="CollisionShape3" type="CollisionShape" parent="StaticBody"]
transform = Transform( -4.37114e-08, 0, -1, 0, 1, 0, 1, 0, -4.37114e-08, -19.2938, 18.8392, 116.158 )
shape = SubResource( 1 )

[node name="CollisionShape4" type="CollisionShape" parent="StaticBody"]
transform = Transform( -4.37114e-08, 0, 1, 0, 1, 0, -1, 0, -4.37114e-08, -3.1163, 18.8392, -114.494 )
shape = SubResource( 1 )
